0 
0 
0 
0 
0 
0 
0 
0 
0 
0 
0 
0 
0 
0 
0 
0 
0 
0 
0 
0 
0 
0 
0 
0 
0 
0 
0 
0 
0 
0 
0 
0 
0 
0 
0 
0 
0 
0 
0 
0 
0 
0 
0 
0 
297 
297 
297 
297 
297 
297 
297 
297 
297 
297 
297 
297 
297 
297 
237 
237 
237 
267 
267 
233 
229 
212 
216 
223 
223 
223 
223 
223 
212 
300 
300 
300 
300 
227 
227 
227 
224 
224 
224 
226 
226 
226 
228 
228 
228 
228 
228 
228 
228 
228 
228 
228 
228 
228 
228 
228 
228 
228 
225 
225 
225 
225 
225 
225 
225 
225 
225 
225 
225 
225 
225 
225 
225 
225 
207 
207 
207 
240 
240 
240 
240 
240 
240 
283 
214 
229 
235 
223 
212 
228 
213 
216 
216 
216 
216 
216 
216 
216 
225 
225 
262 
242 
233 
220 
222 
226 
214 
214 
214 
214 
214 
217 
217 
217 
217 
217 
217 
217 
217 
217 
217 
217 
217 
217 
217 
217 
217 
217 
217 
217 
217 
217 
285 
285 
285 
285 
285 
285 
285 
285 
285 
196 
196 
196 
282 
282 
282 
282 
282 
282 
282 
282 
282 
282 
282 
282 
282 
282 
282 
282 
282 
282 
282 
282 
282 
282 
282 
282 
282 
282 
282 
282 
282 
282 
282 
282 
282 
287 
287 
287 
287 
287 
287 
287 
287 
287 
287 
287 
287 
287 
287 
287 
287 
287 
287 
287 
287 
287 
287 
287 
287 
287 
265 
265 
265 
265 
265 
192 
270 
270 
270 
202 
193 
193 
193 
218 
218 
213 
206 
206 
206 
192 
192 
192 
424 
424 
424 
209 
192 
192 
192 
192 
192 
192 
192 
192 
192 
192 
192 
192 
192 
192 
192 
192 
192 
192 
204 
194 
192 
192 
192 
192 
192 
192 
192 
192 
192 
192 
192 
192 
192 
192 
192 
192 
192 
192 
192 
192 
192 
192 
192 
192 
192 
192 
192 
192 
192 
238 
192 
234 
234 
227 
227 
227 
227 
227 
227 
227 
227 
227 
227 
192 
192 
192 
231 
229 
210 
218 
218 
218 
218 
218 
218 
218 
218 
218 
218 
218 
192 
192 
192 
233 
233 
192 
192 
192 
192 
196 
192 
192 
192 
192 
192 
192 
192 
207 
192 
204 
203 
201 
206 
198 
192 
192 
192 
192 
192 
192 
192 
192 
192 
200 
200 
200 
200 
200 
195 
192 
192 
192 
192 
192 
192 
192 
192 
192 
342 
342 
192 
194 
194 
194 
213 
192 
202 
192 
193 
192 
192 
192 
192 
192 
192 
192 
192 
192 
200 
239 
239 
244 
244 
244 
244 
244 
244 
244 
244 
244 
244 
244 
244 
244 
244 
244 
244 
244 
244 
244 
244 
244 
244 
244 
244 
244 
244 
244 
244 
244 
244 
244 
244 
244 
221 
235 
235 
235 
235 
235 
235 
235 
235 
235 
235 
235 
235 
235 
235 
235 
235 
235 
235 
235 
235 
235 
235 
235 
235 
235 
235 
235 
235 
235 
235 
235 
235 
235 
235 
235 
235 
235 
235 
192 
192 
192 
192 
192 
192 
192 
192 
192 
232 
195 
198 
197 
198 
192 
192 
192 
192 
192 
192 
192 
192 
192 
192 
192 
192 
192 
203 
197 
197 
193 
192 
192 
192 
192 
192 
192 
192 
192 
192 
192 
217 
217 
217 
224 
226 
226 
226 
226 
226 
226 
226 
226 
226 
226 
226 
226 
226 
226 
226 
273 
273 
273 
273 
273 
273 
273 
273 
192 
192 
192 
192 
192 
192 
192 
192 
192 
192 
192 
192 
192 
192 
192 
192 
192 
192 
192 
192 
192 
192 
192 
192 
192 
192 
192 
192 
192 
192 
192 
192 
192 
192 
192 
192 
192 
192 
192 
192 
192 
192 
192 
192 
319 
319 
319 
319 
319 
319 
319 
319 
319 
319 
319 
319 
319 
319 
319 
319 
319 
319 
319 
319 
319 
319 
319 
319 
319 
254 
254 
254 
254 
254 
254 
254 
254 
254 
244 
244 
244 
244 
244 
244 
242 
242 
242 
242 
228 
228 
228 
228 
228 
228 
228 
228 
228 
228 
228 
228 
228 
228 
228 
228 
228 
228 
228 
254 
254 
254 
254 
254 
254 
254 
254 
254 
254 
254 
254 
254 
252 
252 
252 
252 
209 
209 
209 
209 
209 
209 
209 
248 
240 
204 
253 
199 
223 
223 
210 
210 
210 
210 
210 
210 
210 
224 
224 
241 
241 
227 
215 
219 
230 
214 
214 
214 
214 
214 
214 
220 
220 
220 
220 
220 
220 
220 
220 
220 
220 
220 
220 
220 
220 
220 
220 
220 
220 
220 
290 
290 
290 
290 
290 
290 
290 
290 
290 
290 
290 
290 
287 
287 
287 
287 
287 
287 
287 
287 
287 
287 
287 
287 
287 
287 
287 
287 
287 
287 
287 
287 
287 
287 
287 
287 
287 
287 
287 
287 
287 
287 
287 
287 
287 
287 
266 
266 
266 
266 
266 
266 
266 
266 
266 
266 
266 
266 
266 
266 
266 
266 
266 
266 
266 
266 
266 
266 
266 
266 
266 
266 
192 
192 
192 
192 
242 
242 
242 
242 
295 
295 
295 
295 
295 
218 
218 
218 
197 
192 
192 
192 
192 
192 
192 
192 
259 
259 
192 
192 
192 
192 
192 
192 
192 
194 
194 
192 
192 
192 
192 
289 
289 
289 
289 
289 
289 
289 
192 
192 
192 
192 
192 
192 
192 
192 
192 
199 
199 
195 
195 
258 
258 
258 
258 
258 
258 
258 
258 
258 
243 
243 
243 
243 
243 
243 
228 
236 
236 
236 
236 
200 
200 
200 
200 
200 
200 
200 
200 
200 
200 
203 
203 
232 
228 
228 
228 
201 
201 
201 
201 
201 
201 
201 
201 
201 
201 
201 
221 
221 
197 
209 
202 
202 
202 
192 
192 
192 
192 
192 
192 
192 
192 
192 
192 
192 
192 
192 
205 
200 
193 
193 
192 
192 
192 
192 
192 
192 
192 
192 
192 
192 
193 
192 
192 
192 
192 
192 
192 
192 
192 
192 
192 
192 
192 
192 
192 
192 
238 
192 
201 
192 
192 
192 
192 
192 
192 
192 
192 
192 
192 
192 
206 
206 
206 
206 
213 
208 
205 
211 
211 
211 
192 
192 
192 
192 
192 
192 
192 
192 
192 
234 
234 
234 
234 
234 
234 
234 
234 
234 
234 
234 
234 
234 
234 
234 
234 
192 
192 
192 
192 
192 
192 
192 
192 
192 
192 
192 
192 
192 
192 
192 
204 
204 
204 
285 
285 
285 
285 
285 
285 
285 
285 
285 
285 
285 
285 
285 
285 
285 
285 
285 
285 
285 
285 
285 
285 
285 
285 
285 
285 
285 
285 
285 
285 
285 
285 
285 
285 
285 
285 
285 
285 
285 
285 
285 
285 
285 
285 
285 
285 
285 
285 
285 
285 
285 
290 
290 
290 
290 
290 
290 
290 
290 
290 
290 
290 
290 
290 
290 
290 
290 
290 
290 
290 
290 
290 
290 
290 
290 
290 
290 
290 
290 
290 
290 
290 
290 
290 
290 
290 
290 
290 
290 
290 
198 
198 
216 
202 
244 
201 
201 
246 
246 
246 
246 
246 
246 
246 
231 
231 
238 
253 
231 
212 
225 
225 
214 
214 
214 
214 
214 
214 
223 
223 
223 
223 
223 
237 
247 
221 
224 
217 
227 
211 
211 
211 
216 
216 
216 
216 
216 
221 
221 
221 
229 
241 
221 
216 
213 
225 
225 
225 
225 
225 
225 
216 
216 
216 
216 
216 
216 
228 
221 
225 
223 
216 
245 
245 
