0 
0 
0 
0 
0 
0 
0 
0 
0 
0 
0 
192 
192 
192 
192 
192 
192 
192 
192 
192 
192 
192 
216 
216 
216 
216 
216 
216 
216 
216 
216 
216 
216 
216 
216 
216 
216 
216 
216 
216 
216 
216 
216 
216 
216 
216 
216 
216 
216 
216 
216 
216 
216 
216 
216 
285 
285 
282 
282 
282 
282 
282 
282 
282 
282 
282 
282 
282 
282 
282 
282 
282 
282 
282 
282 
282 
282 
282 
282 
282 
282 
282 
282 
282 
282 
282 
282 
282 
282 
282 
282 
282 
282 
282 
282 
282 
282 
282 
282 
282 
282 
282 
282 
282 
282 
282 
282 
282 
282 
282 
282 
282 
282 
282 
282 
282 
282 
282 
282 
282 
282 
282 
282 
282 
282 
282 
282 
282 
282 
282 
282 
282 
282 
282 
282 
282 
282 
282 
282 
282 
282 
282 
282 
282 
282 
282 
282 
282 
282 
282 
282 
282 
282 
282 
282 
282 
282 
282 
266 
266 
266 
266 
266 
266 
266 
266 
266 
266 
266 
266 
266 
192 
192 
235 
218 
218 
204 
204 
204 
204 
204 
204 
204 
204 
204 
204 
215 
193 
193 
234 
211 
211 
211 
193 
193 
193 
193 
193 
193 
192 
192 
192 
192 
192 
193 
193 
193 
200 
192 
195 
192 
192 
192 
192 
192 
192 
192 
192 
192 
192 
214 
198 
205 
192 
195 
192 
192 
192 
192 
192 
192 
192 
192 
192 
192 
192 
192 
192 
192 
201 
205 
192 
192 
200 
192 
192 
192 
192 
192 
192 
192 
192 
192 
192 
192 
192 
236 
207 
207 
207 
207 
207 
207 
207 
207 
207 
192 
192 
192 
192 
192 
231 
192 
215 
215 
192 
192 
192 
192 
192 
192 
192 
192 
192 
192 
192 
220 
220 
220 
232 
228 
228 
228 
192 
192 
192 
192 
192 
192 
192 
192 
192 
192 
207 
207 
207 
228 
198 
199 
199 
192 
192 
192 
192 
192 
192 
192 
192 
192 
192 
192 
192 
244 
192 
198 
198 
199 
199 
199 
199 
199 
199 
199 
199 
199 
199 
192 
192 
192 
239 
208 
208 
206 
206 
206 
206 
206 
206 
206 
206 
206 
206 
206 
206 
307 
307 
284 
284 
284 
284 
284 
284 
284 
284 
284 
284 
284 
284 
284 
284 
270 
270 
279 
279 
279 
279 
279 
279 
279 
279 
279 
192 
192 
192 
192 
192 
196 
196 
196 
192 
200 
195 
192 
192 
192 
192 
192 
192 
192 
192 
192 
192 
192 
192 
192 
192 
192 
209 
192 
211 
211 
211 
211 
211 
211 
211 
211 
211 
211 
211 
211 
211 
227 
230 
230 
230 
193 
193 
193 
193 
193 
193 
193 
193 
193 
193 
214 
205 
205 
231 
231 
231 
231 
192 
192 
207 
192 
192 
192 
192 
195 
195 
195 
195 
195 
224 
210 
216 
216 
216 
216 
216 
216 
216 
216 
216 
216 
216 
216 
216 
216 
212 
229 
217 
213 
213 
213 
192 
192 
192 
192 
192 
192 
192 
192 
192 
192 
192 
192 
192 
192 
192 
192 
192 
192 
192 
192 
192 
192 
192 
192 
192 
192 
192 
286 
286 
286 
286 
286 
286 
286 
286 
286 
286 
286 
286 
286 
286 
286 
286 
286 
266 
266 
266 
266 
266 
266 
266 
266 
266 
266 
266 
266 
266 
266 
266 
266 
266 
250 
250 
250 
250 
250 
250 
250 
250 
250 
250 
250 
250 
250 
250 
250 
250 
277 
277 
277 
277 
277 
277 
277 
277 
277 
277 
277 
277 
277 
277 
256 
256 
256 
259 
259 
259 
259 
259 
259 
259 
259 
259 
259 
259 
259 
259 
259 
259 
322 
272 
272 
272 
272 
272 
272 
272 
272 
240 
240 
240 
240 
240 
341 
225 
225 
241 
241 
241 
241 
241 
241 
241 
241 
241 
237 
237 
237 
237 
237 
237 
246 
246 
343 
343 
343 
343 
343 
343 
343 
343 
343 
343 
343 
343 
343 
343 
343 
343 
343 
343 
239 
239 
239 
239 
239 
239 
239 
239 
239 
239 
239 
239 
239 
239 
239 
239 
239 
239 
239 
239 
239 
239 
239 
239 
239 
239 
239 
239 
239 
239 
239 
239 
239 
239 
239 
239 
239 
239 
239 
239 
239 
239 
201 
201 
201 
201 
201 
201 
201 
201 
201 
201 
201 
201 
201 
201 
201 
201 
201 
201 
201 
201 
201 
201 
201 
201 
201 
201 
201 
201 
201 
201 
201 
201 
201 
201 
201 
201 
201 
201 
201 
201 
201 
201 
201 
201 
201 
201 
201 
254 
254 
254 
254 
254 
254 
254 
254 
254 
254 
254 
254 
254 
254 
254 
254 
254 
254 
254 
254 
200 
200 
200 
200 
200 
200 
200 
200 
200 
200 
200 
200 
200 
200 
200 
200 
200 
200 
200 
200 
200 
200 
200 
200 
200 
200 
200 
200 
267 
267 
267 
267 
233 
233 
233 
241 
241 
241 
241 
241 
241 
241 
241 
241 
241 
241 
241 
241 
241 
241 
241 
241 
241 
241 
241 
241 
241 
241 
241 
241 
241 
241 
241 
241 
241 
241 
331 
331 
331 
331 
331 
331 
331 
331 
331 
331 
331 
331 
331 
331 
331 
331 
331 
331 
331 
331 
331 
331 
331 
331 
331 
331 
331 
192 
192 
192 
192 
192 
192 
192 
192 
283 
283 
768 
896 
2202 
2202 
2202 
1102 
1102 
1102 
2352 
2352 
1751 
586 
586 
586 
586 
586 
586 
586 
586 
586 
586 
586 
586 
586 
586 
586 
586 
586 
586 
586 
586 
586 
586 
586 
586 
586 
586 
586 
302 
302 
302 
302 
302 
302 
302 
302 
302 
302 
309 
309 
309 
309 
309 
309 
309 
309 
309 
309 
309 
309 
309 
309 
309 
309 
309 
195 
195 
195 
195 
195 
195 
195 
195 
195 
195 
195 
195 
195 
195 
195 
195 
207 
207 
358 
358 
358 
358 
358 
358 
358 
358 
358 
358 
358 
192 
192 
192 
192 
192 
192 
215 
215 
215 
215 
215 
215 
215 
215 
215 
215 
215 
215 
215 
215 
215 
215 
215 
215 
215 
215 
215 
215 
215 
215 
215 
215 
215 
215 
215 
215 
215 
215 
215 
215 
215 
215 
215 
215 
215 
215 
215 
215 
215 
215 
215 
215 
215 
215 
215 
215 
215 
215 
215 
215 
215 
215 
321 
321 
321 
321 
321 
321 
321 
321 
321 
321 
321 
321 
321 
321 
321 
321 
321 
321 
321 
321 
321 
254 
219 
217 
209 
201 
201 
201 
201 
201 
201 
201 
201 
201 
192 
192 
192 
192 
192 
192 
192 
192 
192 
192 
568 
568 
568 
192 
192 
192 
488 
488 
488 
488 
246 
246 
246 
246 
222 
200 
222 
222 
222 
222 
222 
222 
222 
192 
192 
192 
300 
240 
231 
197 
195 
241 
241 
241 
241 
241 
241 
241 
241 
241 
241 
241 
241 
241 
241 
241 
241 
241 
241 
241 
241 
241 
241 
241 
241 
241 
241 
241 
241 
241 
241 
241 
241 
241 
241 
241 
241 
241 
241 
241 
241 
243 
243 
243 
243 
244 
200 
203 
229 
192 
205 
205 
205 
205 
205 
218 
218 
218 
218 
218 
218 
274 
274 
274 
274 
274 
274 
274 
274 
274 
274 
274 
274 
332 
332 
332 
225 
225 
225 
244 
244 
214 
213 
220 
220 
192 
192 
192 
192 
192 
218 
218 
218 
218 
218 
218 
218 
218 
209 
209 
209 
209 
209 
209 
209 
226 
226 
226 
226 
226 
226 
226 
226 
224 
224 
263 
263 
225 
225 
225 
