220 
220 
220 
220 
219 
220 
247 
220 
220 
220 
220 
238 
220 
220 
220 
247 
220 
220 
220 
219 
244 
219 
220 
-1 
245 
219 
219 
220 
226 
220 
220 
-1 
167 
243 
220 
220 
220 
224 
220 
220 
220 
167 
219 
220 
220 
220 
226 
219 
220 
220 
220 
220 
220 
220 
220 
248 
220 
220 
96 
220 
220 
220 
220 
219 
237 
220 
-1 
220 
219 
220 
220 
220 
-1 
248 
220 
219 
220 
219 
232 
219 
220 
167 
229 
220 
219 
220 
220 
221 
219 
220 
167 
221 
219 
220 
220 
220 
221 
220 
220 
220 
219 
220 
220 
220 
-1 
221 
220 
221 
220 
219 
220 
220 
219 
239 
220 
220 
220 
220 
220 
220 
220 
220 
243 
219 
220 
220 
220 
220 
220 
219 
248 
220 
220 
220 
220 
220 
220 
220 
-1 
230 
219 
-1 
219 
220 
220 
219 
219 
167 
234 
220 
219 
220 
220 
227 
220 
220 
167 
221 
220 
220 
220 
220 
225 
220 
220 
220 
231 
220 
220 
220 
220 
249 
220 
220 
220 
220 
219 
220 
220 
-1 
246 
220 
-1 
220 
220 
220 
219 
220 
-1 
238 
220 
167 
219 
220 
219 
220 
220 
220 
226 
-1 
219 
219 
220 
220 
220 
-1 
220 
238 
220 
220 
220 
-1 
220 
-1 
224 
220 
220 
219 
220 
232 
220 
220 
220 
221 
220 
220 
220 
220 
222 
220 
220 
220 
226 
219 
220 
220 
248 
220 
220 
-1 
247 
220 
220 
219 
220 
245 
220 
220 
220 
234 
220 
219 
220 
219 
226 
219 
-1 
167 
219 
219 
220 
220 
-1 
225 
220 
220 
220 
220 
220 
220 
220 
220 
221 
220 
220 
220 
220 
220 
220 
219 
220 
226 
219 
220 
220 
221 
220 
220 
220 
220 
247 
220 
220 
220 
247 
220 
220 
220 
96 
220 
220 
220 
220 
220 
236 
220 
220 
167 
219 
219 
220 
219 
232 
219 
220 
239 
219 
220 
219 
219 
221 
220 
220 
167 
220 
219 
220 
220 
220 
226 
220 
220 
220 
220 
220 
220 
219 
221 
220 
219 
220 
220 
220 
220 
220 
220 
249 
219 
220 
96 
220 
220 
220 
220 
219 
248 
220 
-1 
220 
220 
220 
220 
220 
220 
230 
219 
220 
220 
220 
231 
220 
220 
167 
229 
220 
219 
220 
220 
222 
220 
220 
220 
225 
220 
219 
220 
220 
221 
219 
220 
220 
219 
220 
220 
220 
220 
248 
219 
220 
220 
220 
219 
220 
220 
-1 
235 
220 
-1 
220 
220 
220 
219 
220 
-1 
245 
220 
219 
219 
-1 
220 
220 
167 
238 
220 
220 
219 
220 
219 
220 
-1 
167 
225 
-1 
220 
220 
220 
219 
220 
-1 
167 
225 
220 
219 
226 
220 
219 
220 
220 
221 
220 
220 
220 
247 
220 
220 
220 
220 
221 
220 
220 
219 
246 
219 
220 
220 
96 
220 
220 
220 
220 
235 
220 
219 
220 
219 
220 
219 
220 
219 
226 
220 
-1 
167 
219 
220 
220 
220 
-1 
238 
220 
-1 
220 
220 
220 
220 
220 
220 
222 
220 
220 
220 
220 
246 
220 
219 
220 
233 
219 
220 
220 
220 
238 
220 
220 
96 
221 
219 
220 
220 
219 
247 
219 
247 
230 
220 
220 
220 
248 
220 
220 
220 
96 
219 
220 
219 
220 
232 
220 
220 
167 
220 
219 
220 
220 
219 
221 
220 
220 
167 
220 
219 
220 
220 
247 
220 
219 
220 
220 
220 
220 
220 
219 
220 
224 
220 
220 
220 
220 
220 
220 
220 
96 
248 
219 
220 
220 
221 
220 
219 
-1 
96 
246 
220 
219 
220 
241 
220 
219 
-1 
167 
221 
220 
219 
220 
247 
219 
220 
167 
245 
220 
220 
220 
220 
229 
220 
220 
220 
220 
220 
220 
219 
220 
222 
219 
219 
220 
220 
220 
220 
220 
-1 
248 
220 
220 
220 
219 
-1 
219 
-1 
243 
220 
220 
219 
220 
219 
219 
220 
-1 
249 
220 
-1 
220 
220 
220 
219 
220 
220 
241 
220 
220 
220 
220 
219 
220 
167 
233 
220 
220 
220 
220 
219 
219 
220 
220 
225 
220 
220 
219 
221 
220 
220 
-1 
220 
221 
220 
220 
219 
248 
220 
220 
220 
96 
220 
219 
220 
220 
241 
219 
220 
220 
220 
220 
219 
219 
220 
247 
220 
220 
220 
219 
220 
220 
219 
220 
227 
220 
-1 
219 
219 
220 
220 
220 
-1 
239 
220 
220 
220 
220 
220 
220 
220 
220 
231 
220 
220 
220 
220 
230 
220 
219 
-1 
220 
220 
220 
220 
221 
220 
219 
220 
231 
220 
220 
220 
220 
234 
220 
220 
96 
220 
220 
219 
220 
220 
248 
219 
96 
231 
219 
220 
219 
109 
233 
220 
-1 
167 
219 
220 
220 
220 
220 
221 
220 
220 
220 
220 
220 
220 
220 
220 
221 
220 
220 
220 
220 
220 
220 
219 
167 
221 
220 
220 
219 
220 
220 
220 
219 
220 
241 
220 
220 
219 
239 
219 
219 
-1 
96 
220 
219 
220 
220 
246 
219 
220 
-1 
96 
220 
220 
219 
220 
246 
220 
220 
220 
219 
220 
220 
220 
-1 
232 
220 
-1 
220 
219 
220 
247 
-1 
221 
220 
-1 
167 
219 
220 
219 
220 
-1 
233 
219 
220 
220 
220 
220 
220 
220 
220 
245 
220 
220 
220 
220 
219 
220 
-1 
245 
220 
-1 
220 
220 
220 
220 
220 
-1 
242 
220 
220 
219 
220 
219 
220 
220 
167 
221 
220 
220 
220 
220 
220 
220 
220 
220 
226 
219 
220 
220 
220 
221 
220 
220 
220 
219 
220 
220 
220 
220 
221 
220 
220 
220 
219 
220 
220 
220 
220 
242 
220 
220 
220 
220 
219 
220 
220 
96 
247 
220 
219 
220 
220 
219 
219 
220 
167 
233 
220 
220 
220 
221 
220 
220 
220 
-1 
-1 
220 
219 
220 
220 
220 
220 
230 
219 
220 
220 
220 
221 
220 
220 
220 
237 
220 
220 
220 
219 
240 
220 
220 
246 
220 
220 
220 
220 
248 
219 
220 
220 
219 
220 
219 
219 
220 
236 
219 
219 
96 
220 
220 
219 
219 
219 
246 
220 
219 
167 
219 
220 
220 
220 
-1 
246 
220 
220 
220 
220 
