0 
0 
0 
0 
0 
0 
0 
0 
0 
0 
0 
0 
0 
0 
0 
0 
0 
0 
0 
0 
0 
0 
0 
0 
0 
0 
0 
0 
0 
0 
0 
0 
0 
0 
0 
0 
0 
0 
0 
0 
0 
0 
0 
0 
0 
0 
0 
0 
0 
0 
531 
524 
524 
524 
524 
524 
523 
523 
537 
526 
525 
528 
527 
538 
523 
525 
522 
523 
524 
535 
524 
571 
571 
559 
289 
526 
525 
523 
522 
526 
525 
524 
526 
528 
528 
528 
528 
528 
528 
528 
528 
540 
540 
514 
517 
527 
514 
508 
513 
512 
513 
513 
513 
513 
513 
513 
522 
192 
532 
528 
517 
522 
517 
518 
525 
513 
521 
516 
538 
538 
538 
519 
519 
519 
192 
192 
527 
525 
520 
521 
513 
513 
532 
532 
532 
532 
532 
532 
532 
532 
281 
281 
530 
525 
526 
523 
524 
524 
518 
519 
514 
529 
529 
529 
529 
522 
522 
539 
192 
528 
527 
525 
522 
525 
524 
527 
527 
552 
552 
525 
525 
525 
525 
569 
286 
530 
526 
528 
524 
523 
523 
523 
523 
523 
523 
523 
523 
523 
523 
523 
523 
572 
570 
572 
577 
575 
572 
577 
581 
578 
591 
591 
591 
591 
591 
577 
242 
242 
576 
577 
575 
574 
574 
575 
577 
576 
577 
580 
580 
577 
577 
577 
577 
242 
242 
577 
576 
577 
576 
575 
581 
603 
603 
603 
603 
603 
603 
603 
603 
603 
629 
648 
659 
652 
651 
650 
644 
647 
645 
649 
645 
640 
637 
632 
650 
634 
644 
643 
651 
648 
647 
646 
647 
647 
647 
648 
652 
650 
648 
623 
633 
640 
298 
651 
648 
648 
647 
645 
647 
649 
648 
648 
644 
648 
642 
628 
631 
624 
638 
621 
646 
646 
649 
654 
651 
653 
656 
656 
651 
656 
652 
632 
629 
628 
636 
649 
198 
644 
655 
651 
648 
646 
634 
633 
633 
633 
633 
633 
633 
633 
633 
633 
633 
633 
633 
633 
633 
587 
587 
586 
584 
587 
583 
585 
585 
585 
585 
585 
585 
585 
578 
578 
583 
584 
583 
584 
585 
585 
583 
587 
581 
581 
581 
583 
583 
583 
237 
237 
588 
586 
583 
579 
571 
574 
573 
570 
563 
563 
583 
583 
583 
583 
583 
583 
583 
573 
584 
584 
584 
584 
584 
589 
589 
589 
589 
589 
589 
589 
589 
589 
589 
589 
589 
589 
589 
589 
589 
589 
589 
589 
589 
589 
589 
589 
589 
589 
589 
589 
589 
589 
589 
589 
589 
589 
500 
505 
503 
503 
503 
503 
503 
503 
503 
194 
192 
508 
512 
513 
512 
513 
512 
513 
511 
515 
522 
522 
522 
522 
522 
515 
192 
524 
516 
515 
517 
516 
517 
517 
518 
519 
522 
522 
522 
522 
522 
522 
522 
522 
522 
689 
689 
688 
681 
678 
675 
671 
670 
670 
670 
670 
670 
670 
197 
660 
660 
657 
652 
654 
644 
648 
648 
645 
644 
639 
632 
632 
632 
632 
655 
200 
201 
655 
659 
655 
638 
634 
638 
646 
656 
656 
656 
656 
656 
656 
656 
656 
656 
656 
596 
593 
595 
594 
591 
595 
594 
594 
592 
592 
592 
592 
592 
592 
236 
583 
595 
587 
587 
585 
585 
585 
585 
589 
586 
586 
586 
586 
586 
586 
588 
234 
234 
598 
584 
587 
592 
587 
570 
570 
612 
612 
612 
612 
612 
612 
612 
612 
612 
612 
581 
581 
581 
579 
579 
580 
577 
580 
581 
581 
581 
581 
581 
581 
585 
585 
585 
587 
589 
589 
589 
589 
588 
587 
590 
590 
590 
590 
590 
589 
589 
234 
234 
234 
592 
591 
604 
579 
579 
579 
579 
579 
579 
501 
501 
501 
501 
501 
192 
521 
514 
515 
513 
515 
511 
515 
515 
517 
515 
515 
515 
515 
515 
515 
519 
531 
522 
520 
518 
515 
518 
516 
517 
516 
520 
519 
519 
519 
519 
520 
293 
295 
192 
522 
517 
517 
517 
516 
520 
518 
519 
523 
522 
518 
518 
518 
289 
292 
192 
525 
517 
514 
514 
516 
516 
517 
514 
516 
521 
521 
521 
521 
521 
516 
287 
552 
536 
524 
531 
531 
531 
531 
531 
531 
531 
531 
531 
531 
531 
531 
531 
531 
531 
531 
531 
531 
531 
531 
531 
531 
531 
531 
531 
531 
531 
531 
531 
531 
531 
531 
531 
531 
531 
531 
531 
531 
531 
531 
531 
531 
531 
531 
531 
531 
531 
531 
531 
531 
531 
531 
531 
531 
531 
531 
531 
531 
531 
531 
531 
531 
531 
531 
531 
531 
531 
531 
531 
531 
531 
531 
531 
531 
531 
531 
531 
531 
531 
531 
531 
531 
531 
531 
531 
531 
531 
531 
531 
531 
531 
531 
531 
531 
531 
531 
531 
531 
531 
531 
531 
531 
531 
531 
531 
531 
531 
531 
531 
531 
531 
531 
531 
531 
531 
531 
531 
531 
531 
531 
531 
531 
531 
531 
531 
531 
531 
531 
531 
531 
531 
531 
531 
531 
531 
531 
531 
531 
531 
531 
258 
258 
258 
258 
258 
258 
258 
258 
258 
258 
258 
258 
258 
258 
258 
258 
258 
258 
258 
258 
258 
258 
258 
258 
258 
258 
258 
258 
258 
258 
258 
258 
258 
258 
258 
258 
258 
258 
258 
258 
258 
258 
258 
258 
258 
258 
258 
258 
258 
258 
258 
258 
258 
258 
258 
258 
258 
258 
258 
258 
258 
258 
258 
258 
258 
258 
258 
258 
258 
258 
258 
258 
258 
258 
258 
258 
258 
258 
258 
258 
258 
258 
258 
258 
258 
258 
258 
258 
258 
258 
258 
258 
258 
258 
258 
258 
258 
258 
258 
258 
258 
258 
258 
258 
258 
258 
258 
258 
258 
258 
258 
258 
258 
258 
258 
258 
258 
258 
258 
258 
258 
258 
258 
258 
258 
258 
258 
258 
258 
258 
258 
258 
258 
258 
258 
258 
258 
258 
258 
258 
258 
258 
258 
258 
258 
258 
258 
258 
258 
258 
258 
258 
258 
258 
258 
258 
258 
258 
258 
258 
258 
258 
258 
258 
258 
258 
258 
258 
258 
258 
258 
258 
258 
258 
258 
258 
258 
258 
258 
258 
258 
258 
258 
258 
